1
37 4 1
1
2
53 14 3
2 7 12
3
23 43 13
8 10 11 12 14 20 22 27 29 33 34 36 38
4
65 85 41
2 7 8 9 10 13 16 17 18 19 20 27 28 29 30 34 35 36 37 40 41 43 44 47 48 50 51 54 55 56 57 62 64 67 69 73 75 76 77 79 80
5
63 40 29
1 2 4 5 6 7 8 9 10 12 13 14 15 16 19 20 21 22 24 25 26 29 30 33 34 35 36 37 38
6
7 6 1
2
7
56 92 9
1 22 23 26 40 61 62 65 74
8
26 77 73
1 2 3 4 5 6 7 8 9 10 11 12 13 14 15 16 17 18 19 20 21 22 23 24 25 26 27 28 29 30 31 32 33 34 35 37 38 39 40 41 42 43 44 45 46 47 48 50 51 52 53 54 55 56 57 58 59 60 61 62 63 64 65 66 67 68 69 70 71 72 73 74 75
9
4 51 29
1 2 4 6 8 10 11 12 14 15 17 18 21 22 23 24 26 28 30 31 33 35 36 37 38 42 43 46 48
10
99 7 5
1 2 3 4 5
11
83 64 49
1 2 3 4 6 7 8 9 11 13 15 16 18 19 20 21 22 23 25 27 28 29 30 31 32 33 34 35 36 37 40 41 42 43 44 45 47 48 50 51 53 54 55 56 57 58 60 61 62
12
81 67 43
1 2 5 6 9 10 13 16 17 18 19 20 22 23 26 28 29 30 33 34 35 36 39 40 41 42 43 47 49 50 51 52 53 54 55 56 57 58 59 60 62 63 64
13
79 15 4
4 6 8 13
14
51 16 12
1 2 3 4 5 6 7 9 10 11 12 14
15
47 69 12
5 7 10 12 18 22 26 36 44 45 46 60
16
95 9 5
3 4 5 6 7
17
8 42 4
5 16 20 31
18
75 8 2
3 6
19
83 20 4
1 2 9 13
20
23 84 57
2 4 5 6 7 10 12 13 15 17 18 19 22 24 25 26 28 30 31 32 34 35 36 38 39 40 41 42 43 44 48 49 50 52 54 55 56 57 58 59 60 61 62 65 66 67 69 70 72 73 74 76 78 79 80 81 82
21
51 26 15
1 2 3 6 8 9 10 11 12 14 16 18 19 20 21
22
43 72 48
2 4 5 8 10 11 12 14 15 17 19 20 21 23 24 25 26 27 29 30 31 32 33 34 35 38 39 41 42 44 45 46 47 49 50 51 52 55 56 57 58 60 62 64 65 66 67 70
23
48 49 9
4 6 7 27 28 31 32 38 44
24
15 49 21
2 3 4 6 7 12 16 17 19 21 22 23 25 28 32 36 39 40 42 43 47
25
7 77 69
1 2 3 4 5 6 7 8 9 10 12 13 14 15 16 17 18 19 20 21 22 23 24 25 26 27 28 29 30 31 32 33 34 35 36 38 39 40 41 42 44 45 46 47 48 49 50 51 54 55 56 57 58 59 60 61 63 64 65 66 67 68 69 70 71 72 73 74 75
26
69 67 22
9 12 17 19 20 22 23 26 28 30 31 35 36 40 41 43 47 48 49 50 57 64
27
7 48 39
1 2 3 4 5 6 7 8 9 10 11 12 13 14 15 16 20 21 22 23 24 26 27 29 30 31 32 33 34 35 36 37 38 40 41 43 44 45 46
28
62 4 1
1
29
44 43 22
2 3 4 5 6 7 9 10 12 13 14 16 21 25 26 27 28 32 37 38 40 41
30
61 12 3
2 7 8
31
51 13 1
1
32
90 53 6
10 24 27 31 35 41
33
70 69 58
1 2 3 4 5 6 7 8 9 12 13 14 16 17 18 19 20 21 22 23 24 25 26 27 28 29 31 32 33 34 35 36 37 38 39 41 42 43 44 45 47 48 49 50 51 52 53 54 55 56 57 58 59 63 64 65 66 67
34
44 91 82
1 2 3 4 6 7 8 9 10 11 12 13 14 15 16 17 18 19 20 21 23 24 25 26 27 28 29 30 31 32 33 34 35 37 38 39 40 41 42 43 44 45 46 47 48 49 51 52 53 54 55 56 57 59 60 61 62 63 64 65 66 68 69 70 71 72 73 74 75 76 77 78 79 80 81 83 84 85 86 87 88 89
35
64 36 30
1 2 3 4 5 6 7 8 9 10 11 12 14 15 17 18 19 20 21 22 24 25 26 27 28 29 31 32 33 34
36
29 47 41
1 2 3 4 5 6 7 8 9 10 11 12 14 15 17 18 19 21 22 23 24 25 26 27 28 29 30 31 32 34 35 36 37 38 39 40 41 42 43 44 45
37
3 93 2
3 60
38
85 26 11
3 4 8 10 11 12 14 15 16 20 24
39
57 87 12
1 28 33 38 40 50 52 64 76 78 81 82
40
77 76 42
2 4 5 7 8 10 11 12 16 17 19 20 23 25 26 27 29 30 31 32 33 34 35 37 38 40 44 48 51 52 53 54 55 56 58 60 63 64 66 68 71 72
41
53 76 68
1 2 3 4 5 6 7 8 9 11 12 13 14 15 16 17 18 19 20 21 23 24 25 26 27 28 30 31 32 33 34 35 36 37 38 39 40 41 42 44 45 46 47 48 49 50 51 52 53 54 55 56 57 59 60 61 62 63 64 65 66 67 68 69 70 71 72 74
42
91 50 47
1 2 3 4 5 6 7 8 9 10 11 12 13 14 15 16 17 18 19 20 21 22 23 24 25 26 27 28 29 30 31 32 33 34 35 36 37 38 39 41 42 43 44 45 46 47 48
43
39 77 74
1 2 3 4 5 6 7 8 9 10 11 12 13 14 15 16 17 18 19 20 21 22 23 24 25 26 27 28 29 30 31 32 33 34 35 36 37 38 39 40 41 42 43 44 45 46 47 49 50 51 52 53 54 55 56 57 58 59 60 61 62 63 64 65 66 67 68 69 70 71 72 73 74 75
44
12 83 15
4 5 19 21 24 28 31 36 42 48 51 61 69 74 75
45
34 32 17
2 3 4 6 7 8 12 15 16 18 19 21 22 25 28 29 30
46
11 95 53
1 3 6 9 10 11 12 13 15 16 17 19 20 21 25 27 28 30 32 34 36 37 38 39 40 42 43 45 47 48 49 50 52 54 59 62 63 68 69 72 73 74 77 78 79 82 85 86 87 88 91 92 93
47
49 45 30
2 3 5 6 7 9 10 11 12 14 15 16 19 21 22 24 25 26 27 28 32 33 34 35 36 38 39 40 42 43
48
70 15 3
3 6 12
49
58 18 2
9 10
50
85 26 8
2 3 4 9 14 16 19 24
